x
93.0280256867359
88.0983292470275
66.3319469016385
56.2613800100704
50.9172259391535
44.404333429848
42.2997255699203
38.8231430587345
38.2706502508498
32.8945013438131
31.0181872015501
29.3984240229763
28.6201716481246
28.1227274482712
27.3691464921089
26.2536274318986
25.3377787872961
24.9904955873872
24.2081800427697
23.246916129952
22.6989721908543
22.2330368479358
21.7089501800509
21.3319376782385
20.9127314339209
20.8035606685044
20.3097798302711
19.591749668892
19.2238755262306
19.0943738964283
18.7963334268779
18.4871523290866
17.8829882504657
17.7815142766861
17.6303984059209
17.1896603016743
16.9817295513071
16.684830567018
16.3484575124825
16.141983936648
15.9355389193636
14.9133619748701
14.295779341719
13.9390802658456
13.0394227087548
10.4975068298083
9.45722166802531
7.01474051711954
1.56777350192797e-13
